- bbox1_lon: 134.8365515470505
  bbox1_lat: 34.76252190311351
  bbox2_lon: 134.84363257884982
  bbox2_lat: 34.76639996259122
  layer: mapnik
  marker_lat: 34.764460955626284
  marker_lon: 134.84009206295013
  zoom: 17
